nv 0 0 0 0
1 0 0 4 255
2 0 0 6 255
3 1 0 7 255
4 1 1 9 255
5 1 1 11 255
6 2 2 13 255
7 2 2 15 255
8 3 3 17 255
9 4 3 19 255
10 4 4 21 255
11 5 4 23 255
12 6 5 25 255
13 7 5 27 255
14 8 6 29 255
15 9 7 31 255
16 10 7 34 255
17 11 8 36 255
18 12 9 38 255
19 13 10 40 255
20 14 10 42 255
21 15 11 44 255
22 16 12 47 255
23 17 12 49 255
24 18 13 51 255
25 20 13 53 255
26 21 14 56 255
27 22 14 58 255
28 23 15 60 255
29 24 15 63 255
30 26 16 65 255
31 27 16 68 255
32 28 16 70 255
33 30 16 73 255
34 31 17 75 255
35 32 17 77 255
36 34 17 80 255
37 35 17 82 255
38 37 17 85 255
39 38 17 87 255
40 40 17 89 255
41 42 17 92 255
42 43 17 94 255
43 45 16 96 255
44 47 16 98 255
45 48 16 101 255
46 50 16 103 255
47 52 16 104 255
48 53 15 106 255
49 55 15 108 255
50 57 15 110 255
51 59 15 111 255
52 60 15 113 255
53 62 15 114 255
54 64 15 115 255
55 66 15 116 255
56 67 15 117 255
57 69 15 118 255
58 71 15 119 255
59 72 16 120 255
60 74 16 121 255
61 75 16 121 255
62 77 17 122 255
63 79 17 123 255
64 80 18 123 255
65 82 18 124 255
66 83 19 124 255
67 85 19 125 255
68 87 20 125 255
69 88 21 126 255
70 90 21 126 255
71 91 22 126 255
72 93 23 126 255
73 94 23 127 255
74 96 24 127 255
75 97 24 127 255
76 99 25 127 255
77 101 26 128 255
78 102 26 128 255
79 104 27 128 255
80 105 28 128 255
81 107 28 128 255
82 108 29 128 255
83 110 30 129 255
84 111 30 129 255
85 113 31 129 255
86 115 31 129 255
87 116 32 129 255
88 118 33 129 255
89 119 33 129 255
90 121 34 129 255
91 122 34 129 255
92 124 35 129 255
93 126 36 129 255
94 127 36 129 255
95 129 37 129 255
96 130 37 129 255
97 132 38 129 255
98 133 38 129 255
99 135 39 129 255
100 137 40 129 255
101 138 40 129 255
102 140 41 128 255
103 141 41 128 255
104 143 42 128 255
105 145 42 128 255
106 146 43 128 255
107 148 43 128 255
108 149 44 128 255
109 151 44 127 255
110 153 45 127 255
111 154 45 127 255
112 156 46 127 255
113 158 46 126 255
114 159 47 126 255
115 161 47 126 255
116 163 48 126 255
117 164 48 125 255
118 166 49 125 255
119 167 49 125 255
120 169 50 124 255
121 171 51 124 255
122 172 51 123 255
123 174 52 123 255
124 176 52 123 255
125 177 53 122 255
126 179 53 122 255
127 181 54 121 255
128 182 54 121 255
129 184 55 120 255
130 185 55 120 255
131 187 56 119 255
132 189 57 119 255
133 190 57 118 255
134 192 58 117 255
135 194 58 117 255
136 195 59 116 255
137 197 60 116 255
138 198 60 115 255
139 200 61 114 255
140 202 62 114 255
141 203 62 113 255
142 205 63 112 255
143 206 64 112 255
144 208 65 111 255
145 209 66 110 255
146 211 66 109 255
147 212 67 109 255
148 214 68 108 255
149 215 69 107 255
150 217 70 106 255
151 218 71 105 255
152 220 72 105 255
153 221 73 104 255
154 222 74 103 255
155 224 75 102 255
156 225 76 102 255
157 226 77 101 255
158 228 78 100 255
159 229 80 99 255
160 230 81 98 255
161 231 82 98 255
162 232 84 97 255
163 234 85 96 255
164 235 86 96 255
165 236 88 95 255
166 237 89 95 255
167 238 91 94 255
168 238 93 93 255
169 239 94 93 255
170 240 96 93 255
171 241 97 92 255
172 242 99 92 255
173 243 101 92 255
174 243 103 91 255
175 244 104 91 255
176 245 106 91 255
177 245 108 91 255
178 246 110 91 255
179 246 112 91 255
180 247 113 91 255
181 247 115 92 255
182 248 117 92 255
183 248 119 92 255
184 249 121 92 255
185 249 123 93 255
186 249 125 93 255
187 250 127 94 255
188 250 128 94 255
189 250 130 95 255
190 251 132 96 255
191 251 134 96 255
192 251 136 97 255
193 251 138 98 255
194 252 140 99 255
195 252 142 99 255
196 252 144 100 255
197 252 146 101 255
198 252 147 102 255
199 253 149 103 255
200 253 151 104 255
201 253 153 105 255
202 253 155 106 255
203 253 157 107 255
204 253 159 108 255
205 253 161 110 255
206 253 162 111 255
207 253 164 112 255
208 254 166 113 255
209 254 168 115 255
210 254 170 116 255
211 254 172 117 255
212 254 174 118 255
213 254 175 120 255
214 254 177 121 255
215 254 179 123 255
216 254 181 124 255
217 254 183 125 255
218 254 185 127 255
219 254 187 128 255
220 254 188 130 255
221 254 190 131 255
222 254 192 133 255
223 254 194 134 255
224 254 196 136 255
225 254 198 137 255
226 254 199 139 255
227 254 201 141 255
228 254 203 142 255
229 253 205 144 255
230 253 207 146 255
231 253 209 147 255
232 253 210 149 255
233 253 212 151 255
234 253 214 152 255
235 253 216 154 255
236 253 218 156 255
237 253 220 157 255
238 253 221 159 255
239 253 223 161 255
240 253 225 163 255
241 252 227 165 255
242 252 229 166 255
243 252 230 168 255
244 252 232 170 255
245 252 234 172 255
246 252 236 174 255
247 252 238 176 255
248 252 240 177 255
249 252 241 179 255
250 252 243 181 255
251 252 245 183 255
252 251 247 185 255
253 251 249 187 255
254 251 250 189 255
255 251 252 191 255
