nv 0 0 0 0
1 253 231 37 255
2 251 231 35 255
3 248 230 33 255
4 246 230 32 255
5 244 230 30 255
6 241 229 29 255
7 239 229 28 255
8 236 229 27 255
9 234 229 26 255
10 231 228 25 255
11 229 228 25 255
12 226 228 24 255
13 223 227 24 255
14 221 227 24 255
15 218 227 25 255
16 216 226 25 255
17 213 226 26 255
18 210 226 27 255
19 208 225 28 255
20 205 225 29 255
21 202 225 31 255
22 200 224 32 255
23 197 224 33 255
24 194 223 35 255
25 192 223 37 255
26 189 223 38 255
27 186 222 40 255
28 184 222 41 255
29 181 222 43 255
30 178 221 45 255
31 176 221 47 255
32 173 220 48 255
33 170 220 50 255
34 168 219 52 255
35 165 219 54 255
36 162 218 55 255
37 160 218 57 255
38 157 217 59 255
39 155 217 60 255
40 152 216 62 255
41 149 216 64 255
42 147 215 65 255
43 144 215 67 255
44 142 214 69 255
45 139 214 70 255
46 137 213 72 255
47 134 213 73 255
48 132 212 75 255
49 129 211 77 255
50 127 211 78 255
51 124 210 80 255
52 122 209 81 255
53 119 209 83 255
54 117 208 84 255
55 115 208 86 255
56 112 207 87 255
57 110 206 88 255
58 108 205 90 255
59 105 205 91 255
60 103 204 92 255
61 101 203 94 255
62 99 203 95 255
63 96 202 96 255
64 94 201 98 255
65 92 200 99 255
66 90 200 100 255
67 88 199 101 255
68 86 198 103 255
69 84 197 104 255
70 82 197 105 255
71 80 196 106 255
72 78 195 107 255
73 76 194 108 255
74 74 193 109 255
75 72 193 110 255
76 70 192 111 255
77 68 191 112 255
78 66 190 113 255
79 64 189 114 255
80 63 188 115 255
81 61 188 116 255
82 59 187 117 255
83 58 186 118 255
84 56 185 119 255
85 55 184 120 255
86 53 183 121 255
87 52 182 121 255
88 50 182 122 255
89 49 181 123 255
90 47 180 124 255
91 46 179 124 255
92 45 178 125 255
93 44 177 126 255
94 42 176 127 255
95 41 175 127 255
96 40 174 128 255
97 39 173 129 255
98 38 173 129 255
99 37 172 130 255
100 37 171 130 255
101 36 170 131 255
102 35 169 131 255
103 34 168 132 255
104 34 167 133 255
105 33 166 133 255
106 33 165 133 255
107 32 164 134 255
108 32 163 134 255
109 31 162 135 255
110 31 161 135 255
111 31 161 136 255
112 31 160 136 255
113 31 159 136 255
114 31 158 137 255
115 30 157 137 255
116 30 156 137 255
117 30 155 138 255
118 31 154 138 255
119 31 153 138 255
120 31 152 139 255
121 31 151 139 255
122 31 150 139 255
123 31 149 139 255
124 31 148 140 255
125 32 147 140 255
126 32 146 140 255
127 32 146 140 255
128 33 144 141 255
129 33 143 141 255
130 33 142 141 255
131 34 141 141 255
132 34 140 141 255
133 34 139 141 255
134 35 138 141 255
135 35 137 142 255
136 35 136 142 255
137 36 135 142 255
138 36 134 142 255
139 37 133 142 255
140 37 132 142 255
141 37 131 142 255
142 38 130 142 255
143 38 130 142 255
144 38 129 142 255
145 39 128 142 255
146 39 127 142 255
147 39 126 142 255
148 40 125 142 255
149 40 124 142 255
150 41 123 142 255
151 41 122 142 255
152 41 121 142 255
153 42 120 142 255
154 42 119 142 255
155 42 118 142 255
156 43 117 142 255
157 43 116 142 255
158 44 115 142 255
159 44 114 142 255
160 44 113 142 255
161 45 113 142 255
162 45 112 142 255
163 46 111 142 255
164 46 110 142 255
165 46 109 142 255
166 47 108 142 255
167 47 107 142 255
168 48 106 142 255
169 48 105 142 255
170 49 104 142 255
171 49 103 142 255
172 49 102 142 255
173 50 101 142 255
174 50 100 142 255
175 51 99 141 255
176 51 98 141 255
177 52 97 141 255
178 52 96 141 255
179 53 95 141 255
180 53 94 141 255
181 54 93 141 255
182 54 92 141 255
183 55 91 141 255
184 55 90 140 255
185 56 89 140 255
186 56 88 140 255
187 57 86 140 255
188 57 85 140 255
189 58 84 140 255
190 58 83 139 255
191 59 82 139 255
192 59 81 139 255
193 60 80 139 255
194 60 79 138 255
195 61 78 138 255
196 61 77 138 255
197 62 76 138 255
198 62 74 137 255
199 62 73 137 255
200 63 72 137 255
201 63 71 136 255
202 64 70 136 255
203 64 69 136 255
204 65 68 135 255
205 65 66 135 255
206 66 65 134 255
207 66 64 134 255
208 66 63 133 255
209 67 62 133 255
210 67 61 132 255
211 68 59 132 255
212 68 58 131 255
213 68 57 131 255
214 69 56 130 255
215 69 55 129 255
216 69 53 129 255
217 70 52 128 255
218 70 51 127 255
219 70 50 126 255
220 70 48 126 255
221 71 47 125 255
222 71 46 124 255
223 71 45 123 255
224 71 44 122 255
225 71 42 122 255
226 72 41 121 255
227 72 40 120 255
228 72 38 119 255
229 72 37 118 255
230 72 36 117 255
231 72 35 116 255
232 72 33 115 255
233 72 32 113 255
234 72 31 112 255
235 72 29 111 255
236 72 28 110 255
237 72 27 109 255
238 72 26 108 255
239 72 24 106 255
240 72 23 105 255
241 72 22 104 255
242 72 20 103 255
243 71 19 101 255
244 71 17 100 255
245 71 16 99 255
246 71 14 97 255
247 71 13 96 255
248 70 11 94 255
249 70 10 93 255
250 70 8 92 255
251 70 7 90 255
252 69 5 89 255
253 69 4 87 255
254 68 2 86 255
255 68 1 84 255
